256, 256, 256, 256, 256, 256, 256, 256, 256, 256, 256, 256, 256, 256, 256, 256, 256, 256, 256, 256, 256, 256, 256, 256, 256, 256, 256, 256, 256, 256, 256, 256, 256, 256, 256, 256, 256, 256, 256, 256, 256, 256, 256, 256, 256, 256, 256, 256, 256, 256, 256, 256, 256, 256, 256, 256, 256, 256, 256, 256, 256, 256, 256, 256, 256, 256, 256, 256, 256, 256, 256, 256, 256, 256, 256, 256, 256, 256, 256, 256, 256, 256, 256, 256, 256, 256, 256, 256, 256, 256, 256, 256, 256, 256, 256, 256
256, 256, 256, 256, 256, 256, 256, 256, 256, 256, 256, 256, 256, 256, 256, 256, 256, 256, 256, 256, 256, 256, 256, 256, 256, 256, 256, 256, 256, 256, 256, 256, 256, 256, 256, 256, 256, 256, 256, 256, 256, 256, 256, 256, 256, 256, 256, 256, 256, 256, 256, 256, 256, 256, 256, 256, 256, 256, 256, 256, 256, 256, 256, 256, 256, 256, 256, 256, 256, 256, 256, 256, 256, 256, 256, 256, 256, 256, 256, 256, 256, 256, 256, 256, 256, 256, 256, 256, 256, 256, 256, 256, 256, 256, 256, 256
256, 256, 256, 256, 256, 256, 256, 256, 256, 256, 256, 256, 256, 256, 256, 256, 256, 256, 256, 256, 256, 256, 256, 256, 256, 256, 256, 256, 256, 256, 256, 256, 256, 256, 256, 256, 256, 256, 256, 256, 256, 256, 256, 256, 256, 256, 256, 256, 256, 256, 256, 256, 256, 256, 256, 256, 256, 256, 256, 256, 256, 256, 256, 256, 256, 256, 256, 256, 256, 256, 256, 256, 256, 256, 256, 256, 256, 256, 256, 256, 256, 256, 256, 256, 256, 256, 256, 256, 256, 256, 256, 256, 256, 256, 256, 256
256, 256, 256, 256, 256, 256, 256, 256, 256, 256, 256, 256, 256, 256, 256, 256, 256, 256, 256, 256, 256, 256, 256, 256, 256, 256, 256, 256, 256, 256, 256, 256, 256, 256, 256, 256, 256, 256, 256, 256, 256, 256, 256, 256, 256, 256, 256, 256, 256, 256, 256, 256, 256, 256, 256, 256, 256, 256, 256, 256, 256, 256, 256, 256, 256, 256, 256, 256, 256, 256, 256, 256, 256, 256, 256, 256, 256, 256, 256, 256, 256, 256, 256, 256, 256, 256, 256, 256, 256, 256, 256, 256, 256, 256, 256, 256
256, 256, 256, 256, 256, 256, 256, 256, 256, 256, 256, 256, 256, 256, 256, 256, 256, 256, 256, 256, 256, 256, 256, 256, 256, 256, 256, 256, 256, 256, 256, 256, 256, 256, 256, 256, 256, 256, 256, 256, 256, 256, 256, 256, 256, 256, 256, 256, 256, 256, 256, 256, 256, 256, 256, 256, 256, 256, 256, 256, 256, 256, 256, 256, 256, 256, 256, 256, 256, 256, 256, 256, 256, 256, 256, 256, 256, 256, 256, 256, 256, 256, 256, 256, 256, 256, 256, 256, 256, 256, 256, 256, 256, 256, 256, 256
256, 256, 256, 256, 256, 256, 256, 256, 256, 256, 256, 256, 256, 256, 256, 256, 256, 256, 256, 256, 256, 256, 256, 256, 256, 256, 256, 256, 256, 256, 256, 256, 256, 256, 256, 256, 256, 256, 256, 256, 256, 256, 256, 256, 256, 256, 256, 256, 256, 256, 256, 256, 256, 256, 256, 256, 256, 256, 256, 256, 256, 256, 256, 256, 256, 256, 256, 256, 256, 256, 256, 256, 256, 256, 256, 256, 256, 256, 256, 256, 256, 256, 256, 256, 256, 256, 256, 256, 256, 256, 256, 256, 256, 256, 256, 256
256, 256, 256, 256, 256, 256, 256, 256, 256, 256, 256, 256, 256, 256, 256, 256, 256, 256, 256, 256, 256, 256, 256, 256, 256, 256, 256, 256, 256, 256, 256, 256, 256, 256, 256, 256, 256, 256, 256, 256, 256, 256, 256, 256, 256, 256, 256, 256, 256, 256, 256, 256, 256, 256, 256, 256, 256, 256, 256, 256, 256, 256, 256, 256, 256, 256, 256, 256, 256, 256, 256, 256, 256, 256, 256, 256, 256, 256, 256, 256, 256, 256, 256, 256, 256, 256, 256, 256, 256, 256, 256, 256, 256, 256, 256, 256
256, 256, 256, 256, 256, 256, 256, 256, 256, 256, 256, 256, 256, 256, 256, 256, 256, 256, 256, 256, 256, 256, 256, 256, 256, 256, 256, 256, 256, 256, 256, 256, 256, 256, 256, 256, 256, 256, 256, 256, 256, 256, 256, 256, 256, 256, 256, 256, 256, 256, 256, 256, 256, 256, 256, 256, 256, 256, 256, 256, 256, 256, 256, 256, 256, 256, 256, 256, 256, 256, 256, 256, 256, 256, 256, 256, 256, 256, 256, 256, 256, 256, 256, 256, 256, 256, 256, 256, 256, 256, 256, 256, 256, 256, 256, 256
256, 256, 256, 256, 256, 256, 256, 256, 256, 256, 256, 256, 256, 256, 256, 256, 256, 256, 256, 256, 256, 256, 256, 256, 256, 256, 256, 256, 256, 256, 256, 256, 256, 256, 256, 256, 256, 256, 256, 256, 256, 256, 256, 256, 256, 256, 256, 256, 256, 256, 256, 256, 256, 256, 256, 256, 256, 256, 256, 256, 256, 256, 256, 256, 256, 256, 256, 256, 256, 256, 256, 256, 256, 256, 256, 256, 256, 256, 256, 256, 256, 256, 256, 256, 256, 256, 256, 256, 256, 256, 256, 256, 256, 256, 256, 256
256, 256, 256, 256, 256, 256, 256, 256, 256, 256, 256, 256, 256, 256, 256, 256, 256, 256, 256, 256, 256, 256, 256, 256, 256, 256, 256, 256, 256, 256, 256, 256, 256, 256, 256, 256, 256, 256, 256, 256, 256, 256, 256, 256, 256, 256, 256, 256, 256, 256, 256, 256, 256, 256, 256, 256, 256, 256, 256, 256, 256, 256, 256, 256, 256, 256, 256, 256, 256, 256, 256, 256, 256, 256, 256, 256, 256, 256, 256, 256, 256, 256, 256, 256, 256, 256, 256, 256, 256, 256, 256, 256, 256, 256, 256, 256
256, 256, 256, 256, 256, 256, 256, 256, 256, 256, 256, 256, 256, 256, 256, 256, 256, 256, 256, 256, 256, 256, 256, 256, 256, 256, 256, 256, 256, 256, 256, 256, 256, 256, 256, 256, 256, 256, 256, 256, 256, 256, 256, 256, 256, 256, 256, 256, 256, 256, 256, 256, 256, 256, 256, 256, 256, 256, 256, 256, 256, 256, 256, 256, 256, 256, 256, 256, 256, 256, 256, 256, 256, 256, 256, 256, 256, 256, 256, 256, 256, 256, 256, 256, 256, 256, 256, 256, 256, 256, 256, 256, 256, 256, 256, 256
256, 256, 256, 256, 256, 256, 256, 256, 256, 256, 256, 256, 256, 256, 256, 256, 256, 256, 256, 256, 256, 256, 256, 256, 256, 256, 256, 256, 256, 256, 256, 256, 256, 256, 256, 256, 256, 256, 256, 256, 256, 256, 256, 256, 256, 256, 256, 256, 256, 256, 256, 256, 256, 256, 256, 256, 256, 256, 256, 256, 256, 256, 256, 256, 256, 256, 256, 256, 256, 256, 256, 256, 256, 256, 256, 256, 256, 256, 256, 256, 256, 256, 256, 256, 256, 256, 256, 256, 256, 256, 256, 256, 256, 256, 256, 256
256, 256, 256, 256, 256, 256, 256, 256, 256, 256, 256, 256, 256, 256, 256, 256, 256, 256, 256, 256, 256, 256, 256, 256, 256, 256, 256, 256, 256, 256, 256, 256, 256, 256, 256, 256, 256, 256, 256, 256, 256, 256, 256, 256, 256, 256, 283.29443, 256, 256, 256, 256, 256, 256, 256, 256, 256, 256, 256, 256, 256, 256, 256, 256, 256, 256, 256, 256, 256, 256, 256, 256, 256, 256, 256, 256, 256, 256, 256, 256, 256, 256, 256, 256, 256, 256, 256, 256, 256, 256, 256, 256, 256, 256, 256, 256, 256
256, 256, 256, 256, 256, 256, 256, 256, 256, 256, 256, 256, 256, 256, 256, 256, 256, 256, 256, 256, 256, 256, 256, 256, 256, 256, 256, 256, 256, 256, 256, 256, 256, 256, 256, 256, 256, 256, 256, 256, 256, 256, 271.07037, 321.8578, 659.21655, 767.7706, 649.4948, 256, 256, 256, 256, 256, 256, 256, 256, 256, 256, 256, 256, 256, 256, 256, 256, 256, 256, 256, 256, 256, 256, 256, 256, 256, 256, 256, 256, 256, 256, 256, 256, 256, 256, 256, 256, 256, 256, 256, 256, 256, 256, 256, 256, 256, 256, 256, 256, 256
256, 256, 256, 256, 256, 256, 256, 256, 256, 256, 256, 256, 256, 256, 256, 256, 256, 256, 256, 256, 256, 256, 256, 256, 256, 256, 256, 256, 256, 256, 256, 256, 256, 256, 256, 256, 256, 256, 256, 256, 258.3185, 331.3519, 403.8056, 404.38525, 692.5197, 838.2813, 735.9272, 256, 256, 256, 256, 256, 256, 256, 256, 256, 256, 256, 256, 256, 256, 256, 256, 256, 256, 256, 256, 256, 256, 256, 256, 256, 256, 256, 256, 256, 256, 256, 256, 256, 256, 256, 256, 256, 256, 256, 256, 256, 256, 256, 256, 256, 256, 256, 256, 256
256, 256, 256, 256, 256, 256, 256, 256, 256, 256, 256, 256, 256, 256, 256, 256, 256, 256, 256, 256, 256, 256, 256, 256, 256, 256, 256, 256, 256, 256, 256, 256, 256, 256, 256, 256, 256, 256, 256, 256, 256, 395.1112, 404.38525, 404.38525, 497.60416, 750.1471, 824.6341, 528.94434, 281.0199, 474.35547, 265.09814, 256, 256, 256, 256, 256, 256, 256, 256, 256, 256, 256, 256, 256, 256, 256, 256, 256, 256, 256, 256, 256, 256, 256, 256, 256, 256, 256, 256, 256, 256, 256, 256, 256, 256, 256, 256, 256, 256, 256, 256, 256, 256, 256, 256, 256
256, 256, 256, 256, 256, 256, 256, 256, 256, 256, 256, 256, 256, 256, 256, 256, 256, 256, 256, 256, 256, 256, 256, 256, 256, 256, 256, 256, 256, 256, 256, 256, 256, 256, 256, 256, 256, 256, 256, 256, 267.01306, 404.38525, 404.38525, 404.38525, 404.38525, 558.6217, 804.3836, 776.0621, 732.6695, 838.2813, 492.55176, 256, 256, 256, 256, 256, 256, 256, 256, 256, 256, 256, 256, 256, 256, 256, 256, 256, 256, 256, 256, 256, 256, 256, 256, 256, 256, 256, 256, 256, 256, 256, 256, 256, 256, 256, 256, 256, 256, 256, 256, 256, 256, 256, 256, 256
256, 256, 256, 256, 256, 256, 256, 256, 256, 256, 256, 256, 256, 256, 256, 256, 256, 256, 256, 256, 256, 256, 256, 256, 256, 256, 256, 256, 256, 256, 256, 256, 256, 256, 256, 256, 256, 256, 256, 256, 262.37598, 399.74826, 404.38525, 404.38525, 404.38525, 404.38525, 407.77502, 438.28323, 807.7733, 838.2813, 626.74945, 287.8435, 256, 256, 256, 256, 256, 256, 256, 256, 256, 256, 256, 256, 256, 256, 256, 256, 256, 256, 256, 256, 256, 256, 256, 256, 256, 256, 256, 256, 256, 256, 256, 256, 256, 256, 256, 256, 256, 256, 256, 256, 256, 256, 256, 256
256, 256, 256, 256, 256, 256, 256, 256, 256, 256, 256, 256, 256, 256, 256, 256, 256, 256, 256, 256, 256, 256, 256, 256, 256, 256, 256, 256, 256, 256, 256, 256, 256, 256, 256, 256, 256, 256, 256, 256, 268.75195, 404.38525, 404.38525, 404.38525, 404.38525, 404.38525, 404.38525, 404.38525, 417.94434, 760.31586, 836.0068, 783.69244, 626.7494, 256, 256, 256, 256, 256, 256, 256, 256, 256, 256, 256, 256, 256, 256, 256, 256, 256, 256, 256, 256, 256, 256, 256, 256, 256, 256, 256, 256, 256, 256, 256, 256, 256, 256, 256, 256, 256, 256, 256, 256, 256, 256, 256
256, 256, 256, 256, 256, 256, 256, 256, 256, 256, 256, 256, 256, 256, 256, 256, 256, 256, 256, 256, 256, 256, 256, 256, 256, 256, 256, 256, 256, 256, 256, 256, 256, 256, 256, 256, 256, 256, 256, 256, 247.09273, 274.6655, 299.41406, 397.20773, 404.38525, 404.38525, 404.38525, 404.38525, 404.38525, 736.58734, 838.2813, 838.2813, 774.5943, 540.317, 540.317, 321.96155, 256, 256, 256, 256, 256, 256, 256, 256, 256, 256, 256, 256, 256, 256, 256, 256, 256, 256, 256, 256, 256, 256, 256, 256, 256, 256, 256, 256, 256, 256, 256, 256, 256, 256, 256, 256, 256, 256, 256, 256
256, 256, 256, 256, 256, 256, 256, 256, 256, 256, 256, 256, 256, 256, 256, 256, 256, 256, 256, 256, 256, 256, 256, 256, 256, 256, 256, 256, 256, 256, 256, 256, 256, 256, 256, 256, 256, 256, 256, 256, 241.70949, 183.27713, 174.70285, 238.40436, 332.61032, 306.59164, 397.20776, 404.38525, 404.38525, 499.29926, 831.50165, 838.2813, 838.2813, 838.2813, 838.2813, 672.2401, 256, 256, 256, 256, 256, 256, 256, 256, 256, 256, 256, 256, 256, 256, 256, 256, 256, 256, 256, 256, 256, 256, 256, 256, 256, 256, 256, 256, 256, 256, 256, 256, 256, 256, 256, 256, 256, 256, 256, 256
256, 256, 256, 256, 256, 256, 256, 256, 256, 256, 256, 256, 256, 256, 256, 256, 256, 256, 256, 256, 256, 256, 256, 256, 256, 256, 256, 256, 256, 256, 256, 256, 256, 256, 256, 256, 256, 256, 256, 254.897, 196.79926, 174.70285, 174.70285, 174.70285, 174.70285, 232.12389, 276.08685, 338.89053, 400.7965, 616.24854, 838.2813, 838.2813, 838.2813, 835.542, 838.2813, 715.45636, 260.54907, 256, 236.22998, 180.62677, 256, 256, 256, 256, 256, 256, 256, 256, 256, 256, 256, 256, 256, 256, 256, 256, 256, 256, 256, 256, 256, 256, 256, 256, 256, 256, 256, 256, 256, 256, 256, 256, 256, 256, 256, 256
256, 256, 256, 256, 256, 256, 256, 256, 256, 256, 256, 256, 256, 256, 256, 256, 256, 256, 256, 256, 256, 256, 256, 256, 256, 256, 256, 256, 256, 256, 256, 256, 256, 256, 256, 256, 256, 256, 267.636, 348.7704, 297.47006, 174.70285, 174.70285, 174.70285, 174.70285, 174.70285, 174.70285, 183.6749, 205.20786, 270.86166, 395.2477, 347.9432, 246.58823, 213.71606, 432.8621, 510.20493, 242.56114, 248.58624, 164.56358, 197.92545, 256, 256, 256, 256, 256, 256, 256, 256, 256, 256, 256, 256, 256, 256, 256, 256, 256, 256, 256, 256, 256, 256, 256, 256, 256, 256, 256, 256, 256, 256, 256, 256, 256, 256, 256, 256
256, 256, 256, 256, 256, 256, 256, 256, 256, 256, 256, 256, 256, 256, 256, 256, 256, 256, 256, 256, 256, 256, 256, 256, 256, 256, 256, 256, 256, 256, 256, 256, 256, 256, 256, 279.27197, 303.99844, 340.3609, 372.84482, 380.11734, 380.11734, 290.24847, 174.70285, 174.70285, 174.70285, 174.70285, 174.70285, 174.70285, 174.70285, 162.04184, 137.01382, 137.01382, 137.01382, 137.01382, 137.01382, 137.01382, 101.665, 100.92845, 97.839355, 152.20717, 256, 256, 256, 256, 256, 256, 256, 256, 256, 256, 256, 256, 256, 256, 256, 256, 256, 256, 256, 256, 256, 256, 256, 256, 256, 256, 256, 256, 256, 256, 256, 256, 256, 256, 256, 256
256, 256, 256, 256, 256, 256, 256, 256, 256, 256, 256, 256, 256, 256, 256, 256, 256, 256, 256, 256, 255.62634, 255.62634, 256, 256, 256, 256, 256, 256, 256, 256, 256, 256, 256, 267.15115, 331.1491, 380.11734, 380.11734, 380.11734, 380.11734, 380.11734, 380.11734, 361.44403, 189.43958, 174.70285, 174.70285, 174.70285, 174.70285, 174.70285, 174.70285, 156.5945, 137.01382, 137.01382, 137.01382, 137.01382, 137.01382, 136.40172, 98.91054, 97.839355, 97.839355, 121.31654, 175.06648, 253.52875, 256, 256, 256, 256, 256, 256, 256, 256, 256, 256, 256, 256, 256, 256, 256, 256, 256, 256, 256, 256, 256, 256, 256, 256, 256, 256, 256, 256, 256, 256, 256, 256, 256, 256
256, 256, 256, 256, 256, 256, 256, 256, 256, 256, 256, 256, 256, 256, 256, 256, 256, 256, 256, 256, 252.26343, 198.0831, 207.79822, 198.45679, 189.86267, 256, 256, 256, 256, 256, 256, 256, 271.51465, 376.72348, 380.11734, 380.11734, 380.11734, 380.11734, 380.11734, 380.11734, 380.11734, 352.43872, 264.33118, 255.52151, 250.54216, 221.43204, 183.12943, 186.95969, 240.58344, 214.9583, 137.01382, 137.01382, 137.01382, 137.01382, 136.09567, 115.28432, 97.839355, 97.839355, 97.839355, 97.839355, 97.839355, 128.11255, 228.81622, 256, 256, 256, 256, 256, 256, 256, 256, 256, 256, 256, 256, 256, 256, 256, 256, 256, 256, 256, 256, 256, 256, 256, 256, 256, 256, 256, 256, 256, 256, 256, 256, 256
256, 256, 256, 256, 256, 256, 256, 256, 256, 256, 256, 256, 256, 256, 256, 256, 256, 256, 256, 256, 256, 198.83041, 160.34364, 160.34364, 194.72015, 256, 256, 256, 256, 256, 256, 256, 315.6345, 380.11734, 380.11734, 380.11734, 380.11734, 380.11734, 380.11734, 380.11734, 380.11734, 357.89053, 275.27402, 272.75778, 272.75778, 272.75778, 269.31055, 267.7784, 272.75778, 235.64056, 137.01382, 137.01382, 137.01382, 137.01382, 136.55475, 100.74685, 97.839355, 97.839355, 97.839355, 97.839355, 95.48428, 71.30572, 79.2055, 256.3298, 264.83948, 259.3138, 256, 261.7957, 256, 256, 256, 256, 256, 256, 256, 256, 256, 256, 256, 256, 256, 256, 256, 256, 256, 256, 256, 256, 256, 256, 256, 256, 256, 256, 256, 256
256, 256, 256, 256, 256, 256, 256, 256, 256, 256, 256, 256, 256, 256, 256, 256, 256, 256, 256, 256, 256, 212.65572, 160.34364, 160.34364, 164.08025, 240.05623, 254.84923, 256, 256, 256, 256, 256, 273.85797, 289.5528, 246.43831, 304.65256, 339.86905, 380.11734, 380.11734, 319.02686, 274.46744, 328.78464, 274.4353, 272.75778, 272.75778, 272.75778, 272.75778, 272.75778, 272.75778, 231.39867, 137.01382, 137.01382, 137.01382, 137.01382, 136.2133, 104.93187, 97.839355, 97.839355, 97.839355, 97.839355, 95.64127, 57.80322, 61.050323, 192.95811, 244.0197, 289.91058, 308.43665, 324.4436, 307.6087, 264.55554, 256, 256, 256, 256, 256, 256, 256, 256, 256, 256, 256, 256, 256, 256, 256, 256, 256, 256, 256, 256, 256, 256, 256, 256, 256, 256
256, 256, 256, 256, 256, 256, 256, 256, 256, 256, 256, 256, 256, 256, 256, 256, 256, 256, 256, 256, 256, 251.5161, 182.38943, 160.34364, 160.34364, 203.01874, 243.34227, 246.24397, 247.19447, 248.3951, 252.94795, 251.94728, 244.84314, 234.18396, 197.4157, 196.12883, 202.59717, 336.27588, 281.65433, 209.7843, 196.12883, 197.02684, 267.3698, 272.75778, 272.75778, 272.75778, 272.75778, 272.75778, 267.9856, 167.23836, 137.01382, 137.01382, 136.9386, 136.59584, 136.46765, 136.44775, 122.57268, 103.720955, 99.04584, 97.839355, 84.80799, 57.646217, 57.646217, 57.646217, 139.34431, 280.9019, 324.05438, 326.65146, 326.65146, 295.7415, 256, 256, 256, 256, 256, 256, 256, 256, 256, 256, 256, 256, 256, 256, 256, 256, 256, 256, 256, 256, 256, 256, 256, 256, 256, 256
256, 256, 256, 256, 256, 256, 256, 256, 256, 256, 256, 256, 256, 256, 256, 256, 256, 256, 256, 256, 256, 256, 230.96494, 160.34364, 160.34364, 167.13986, 212.7715, 243.19218, 243.19218, 243.19218, 243.19218, 243.19218, 243.19218, 241.5376, 201.46024, 196.12883, 196.12883, 200.44109, 196.12883, 196.12883, 196.12883, 672.31744, 607.7587, 813.79315, 543.2754, 398.11966, 272.75778, 272.75778, 263.7436, 187.38763, 137.01382, 137.01382, 136.95636, 136.48979, 136.44775, 136.44775, 136.44775, 136.44775, 131.01837, 130.11345, 74.16721, 57.646217, 57.646217, 57.646217, 144.45033, 275.50775, 318.46054, 326.65146, 326.65146, 325.82352, 272.83493, 289.94583, 256, 257.9319, 264.83148, 256, 256, 256, 256, 256, 256, 256, 256, 256, 256, 256, 256, 256, 256, 256, 256, 256, 256, 256, 256, 256
256, 256, 256, 256, 256, 256, 256, 256, 256, 256, 256, 256, 256, 256, 256, 256, 256, 256, 256, 256, 256, 256, 241.80103, 160.34364, 160.34364, 160.34364, 166.4926, 243.19218, 243.19218, 243.19218, 243.19218, 243.19218, 243.19218, 243.19218, 207.71094, 196.12883, 196.12883, 196.12883, 196.12883, 196.12883, 415.31708, 1442.9751, 1851.3751, 1961.8439, 1961.8439, 1935.4519, 994.30774, 352.5205, 351.6982, 363.43378, 145.12917, 137.01382, 136.73962, 136.45218, 136.44775, 136.44775, 136.44775, 136.44775, 136.44775, 136.44775, 86.58123, 57.646217, 57.646217, 57.646217, 78.07084, 265.9311, 325.4528, 326.65146, 326.65146, 326.65146, 326.65146, 326.65146, 323.0423, 315.0602, 315.0602, 280.29898, 277.9679, 263.6043, 256, 256, 256, 256, 256, 256, 256, 256, 256, 256, 256, 256, 256, 256, 256, 256, 256, 256
256, 256, 256, 256, 256, 256, 256, 256, 256, 256, 256, 256, 256, 256, 256, 256, 256, 256, 256, 256, 256, 256, 253.3844, 169.31145, 160.34364, 162.2854, 198.53156, 242.86856, 243.19218, 243.19218, 243.19218, 243.19218, 230.66415, 206.80124, 200.37915, 196.12883, 196.12883, 196.12883, 196.12883, 196.12883, 780.4898, 1254.8462, 1271.4164, 1417.7858, 2700.4707, 6416.8, 6226.873, 483.26523, 483.26523, 481.9127, 268.2108, 137.01382, 136.77939, 136.44775, 136.44775, 136.44775, 136.44775, 136.44775, 136.44775, 136.44775, 96.43144, 57.646217, 57.646217, 57.646217, 64.454384, 254.23212, 298.88235, 322.45633, 326.65146, 326.65146, 326.65146, 342.0128, 443.85196, 381.26938, 367.04602, 452.38586, 472.29846, 446.1061, 326.12836, 256, 256, 256, 256, 256, 256, 256, 256, 256, 256, 256, 256, 256, 256, 256, 256, 256
256, 256, 256, 256, 256, 256, 256, 256, 256, 256, 256, 253.38208, 245.52832, 227.53012, 233.0932, 256, 256, 256, 256, 256, 256, 255.25269, 253.3844, 162.5856, 160.34364, 180.40855, 240.60315, 241.99904, 200.23894, 173.98969, 188.30746, 187.11432, 101.207115, 90.468704, 114.40731, 159.39542, 196.12883, 196.12883, 196.12883, 191.30171, 279.18207, 1250.5175, 1254.8462, 1254.8462, 16422.615, 27728.957, 8997.02, 483.26523, 483.26523, 483.26523, 479.20758, 287.05545, 136.46101, 136.44775, 136.44775, 136.44775, 136.44775, 136.44775, 136.44775, 132.13823, 58.56968, 57.646217, 57.646217, 57.646217, 98.49534, 275.50775, 275.50775, 281.90082, 326.05212, 326.65146, 326.65146, 345.426, 438.73108, 468.88483, 472.29846, 472.29846, 472.29846, 472.29846, 301.62564, 256, 256, 256, 256, 256, 256, 256, 256, 256, 256, 256, 256, 256, 256, 256, 256, 256
256, 256, 256, 256, 256, 256, 256, 256, 256.7359, 257.9011, 257.90106, 225.628, 173.86275, 173.5355, 181.71652, 238.98352, 256, 256, 256, 256, 257.05396, 258.3714, 256, 174.54263, 160.34364, 165.84535, 182.35045, 139.16222, 90.468704, 90.468704, 90.468704, 90.468704, 90.468704, 90.468704, 90.468704, 92.119644, 171.63753, 180.87514, 163.49753, 159.44275, 168.34273, 1185.5873, 1254.8462, 1259.7418, 4241.0044, 8617.222, 6805.4805, 483.26523, 483.26523, 483.26523, 483.26523, 332.88724, 136.44775, 136.44775, 136.44775, 134.08585, 133.46434, 136.44775, 136.44775, 134.90863, 78.885735, 57.646217, 57.646217, 57.646217, 130.83412, 275.50775, 275.50775, 275.50775, 287.09518, 309.47086, 326.65146, 326.65146, 330.63394, 410.85358, 472.29846, 472.29846, 472.29846, 350.6309, 256, 256, 256, 256, 256, 256, 256, 256, 256, 256, 256, 256, 256, 256, 256, 256, 256, 256
256, 256, 256, 256, 256, 256.85855, 264.03378, 267.65237, 271.39365, 269.00168, 271.33234, 200.57193, 172.22655, 172.22655, 172.22655, 183.35272, 254.03656, 237.34732, 200.04196, 237.50876, 299.67535, 296.31375, 277.0791, 216.43088, 162.5856, 160.34364, 160.34364, 135.77823, 90.468704, 90.468704, 90.468704, 90.468704, 90.468704, 90.468704, 90.468704, 90.468704, 113.73933, 146.69919, 146.69919, 146.69919, 146.69919, 800.3346, 1254.8462, 1349.4967, 1463.7296, 1463.7296, 904.5607, 483.26523, 483.26523, 483.26523, 483.26523, 411.32623, 143.30798, 136.19913, 122.64954, 105.370316, 116.682526, 136.44775, 136.44775, 88.024765, 57.312416, 57.602863, 57.646217, 57.646217, 128.28108, 275.50775, 275.50775, 275.50775, 275.50775, 276.1071, 290.89108, 309.27106, 326.65146, 426.21475, 472.29846, 472.29846, 394.56653, 256.8449, 256, 256, 256, 256, 256, 256, 256, 256, 256, 256, 256, 256, 256, 256, 256, 256, 256, 256
256, 256, 256.36795, 256.79724, 257.7785, 271.02567, 271.57764, 271.7003, 271.7003, 271.7003, 271.7003, 232.45483, 172.22655, 172.22655, 172.22655, 172.22655, 192.84268, 176.15343, 172.22655, 172.22655, 193.73927, 318.1365, 323.45306, 238.71263, 220.23537, 238.09132, 144.67249, 108.83324, 94.48161, 102.392784, 109.959984, 91.95921, 90.836586, 104.08033, 90.468704, 90.468704, 90.468704, 129.12717, 146.69919, 146.69919, 146.69919, 146.69919, 1103.9089, 1445.7787, 1463.7296, 1463.7296, 716.89276, 483.26523, 483.26523, 483.26523, 483.26523, 293.94492, 108.22951, 116.06125, 104.62444, 104.62444, 104.74875, 111.834564, 94.51529, 62.072845, 55.42649, 55.938065, 57.169323, 57.646217, 115.2303, 247.19818, 275.50775, 275.50775, 275.50775, 270.7895, 275.50775, 260.76318, 345.65582, 468.8849, 472.29846, 472.29846, 320.21393, 256, 256, 256, 256, 256, 256, 256, 256, 256, 256, 256, 256, 256, 256, 256, 256, 256, 256, 256
256, 256, 256.30664, 256.30664, 259.31177, 271.0256, 267.9593, 270.47363, 271.7003, 271.7003, 271.7003, 235.56326, 172.22655, 172.22655, 172.22655, 172.22655, 172.22655, 172.22655, 172.22655, 172.22655, 185.22258, 323.45306, 323.45306, 323.45306, 323.45306, 301.97617, 119.82032, 118.67377, 119.24705, 119.82032, 119.82032, 131.86127, 150.43304, 184.64561, 101.13723, 90.468704, 92.66521, 131.54332, 146.69919, 146.69919, 146.69919, 146.69919, 214.89365, 1299.1019, 1463.7296, 1417.7701, 651.78345, 483.26523, 483.26523, 422.12997, 370.165, 179.06967, 104.57512, 104.62444, 104.62444, 104.62444, 104.62444, 104.62444, 94.246704, 58.6935, 55.42649, 55.42649, 62.835327, 107.17642, 124.26066, 172.88493, 244.24927, 187.04013, 188.2197, 151.65228, 183.50134, 141.03601, 350.03397, 472.29846, 472.29846, 469.76373, 263.60425, 256, 256, 256, 256, 256, 256, 256, 256, 256, 256, 256, 256, 256, 256, 256, 256, 256, 256, 256
256, 256, 256, 256, 256.184, 257.5945, 264.95374, 267.3457, 271.33234, 271.7003, 271.7003, 254.21455, 172.22655, 172.22655, 172.22655, 172.22655, 172.22655, 172.22655, 172.22655, 192.90205, 267.9246, 323.45306, 323.45306, 323.45306, 323.45306, 286.8628, 119.82032, 119.82032, 119.82032, 119.82032, 119.82032, 178.31503, 184.64561, 184.64561, 157.79059, 110.7022, 120.78046, 146.69919, 146.69919, 146.69919, 146.69919, 146.69919, 146.69919, 602.5885, 467.0284, 408.58707, 471.38605, 483.26523, 483.26523, 173.00293, 91.998085, 91.998085, 99.54425, 104.62444, 104.62444, 104.62444, 104.62444, 104.62444, 104.62444, 80.40967, 55.42649, 55.42649, 55.966305, 71.35088, 119.9335, 124.52189, 124.52189, 124.52189, 124.52189, 124.52189, 124.52189, 124.52189, 217.66469, 461.04608, 472.198, 425.82828, 256.8449, 256, 256, 256, 256, 256, 256, 256, 256, 256, 256, 256, 256, 256, 256, 256, 256, 256, 256, 256
256, 256, 256, 256, 256, 256, 257.3493, 263.6049, 271.7003, 271.7003, 268.5309, 239.49112, 201.33823, 194.32593, 211.96294, 195.81339, 177.5389, 182.21376, 189.39182, 289.82828, 323.45306, 323.45306, 323.45306, 323.45306, 323.45306, 301.18073, 119.82032, 119.82032, 119.82032, 119.82032, 134.50743, 182.87305, 184.64561, 184.64561, 184.64561, 184.64561, 159.62817, 144.45137, 146.69919, 146.69919, 146.69919, 146.69919, 152.56897, 202.11005, 206.8059, 210.04567, 370.95325, 399.03104, 328.15826, 104.390205, 91.998085, 91.998085, 95.35187, 102.30624, 104.62444, 104.62444, 104.62444, 104.62444, 104.240074, 81.56271, 55.42649, 55.42649, 55.42649, 55.42649, 101.31015, 124.52189, 124.52189, 124.52189, 124.52189, 124.52189, 124.52189, 124.52189, 353.48407, 446.57828, 456.52496, 317.4782, 256, 256, 256, 256, 256, 256, 256, 256, 256, 256, 256, 256, 256, 256, 256, 256, 256, 256, 256, 256
256, 256, 256, 256, 256.06134, 261.82617, 269.1244, 271.271, 271.7003, 271.7003, 269.58734, 230.8508, 226.62508, 226.62508, 226.62508, 226.62508, 220.46274, 215.15036, 227.00331, 302.65018, 323.45306, 323.45306, 323.45306, 323.45306, 323.45306, 323.45306, 139.70633, 119.82032, 119.82032, 119.82032, 162.36205, 184.64561, 184.64561, 184.64561, 184.64561, 184.64561, 158.1029, 108.895355, 131.79738, 146.69919, 153.89578, 185.43976, 198.58815, 206.8059, 206.8059, 206.8059, 206.8059, 206.8059, 206.8059, 151.19614, 91.998085, 91.998085, 91.998085, 94.85869, 104.42715, 104.62444, 104.62444, 105.69222, 98.938, 57.95695, 55.42649, 55.42649, 55.42649, 55.42649, 86.46539, 124.52189, 119.34696, 124.52189, 124.52189, 124.52189, 124.52189, 174.84335, 435.25598, 446.57828, 446.57828, 273.86673, 256, 256, 256, 256, 256, 256, 256, 256, 256, 256, 256, 256, 256, 256, 256, 256, 256, 256, 256, 256
256, 256, 256, 256, 256, 256, 257.7173, 270.90305, 270.65765, 270.59634, 271.7003, 270.81992, 248.63435, 226.62508, 226.62508, 226.62508, 226.62508, 226.62508, 226.62508, 233.43324, 320.4272, 323.45306, 323.45306, 323.45306, 323.45306, 192.20538, 119.82032, 119.82032, 119.82032, 128.43004, 176.5425, 184.64561, 184.64561, 184.64561, 184.64561, 184.64561, 152.6114, 106.54239, 107.483574, 114.07191, 125.49991, 206.8059, 206.8059, 206.8059, 206.8059, 206.8059, 206.8059, 206.8059, 206.8059, 139.08769, 91.998085, 91.998085, 91.998085, 92.0474, 96.73283, 96.535545, 112.984276, 122.9551, 127.40441, 100.69383, 55.42649, 55.42649, 55.42649, 55.42649, 58.12557, 91.183334, 92.277756, 101.96435, 106.608574, 111.51821, 123.99113, 335.8717, 446.57828, 446.57828, 446.57828, 288.75568, 256, 256, 256, 256, 256, 256, 256, 256, 256, 256, 256, 256, 256, 256, 256, 256, 256, 256, 256, 256
256, 256, 256, 256, 256, 256, 256, 264.46356, 259.25055, 258.3919, 266.05817, 264.95996, 231.90738, 226.96931, 226.62508, 226.62508, 226.62508, 226.62508, 226.62508, 228.51625, 307.18896, 323.45306, 328.86676, 376.68774, 356.05328, 158.96205, 141.83498, 125.32401, 119.82032, 157.39667, 184.64561, 184.64561, 184.64561, 184.64561, 184.64561, 180.9846, 119.356384, 106.54239, 106.54239, 106.54239, 124.55871, 206.8059, 206.8059, 206.8059, 206.8059, 206.8059, 206.8059, 206.8059, 192.90376, 105.00373, 91.998085, 91.998085, 91.998085, 91.998085, 91.998085, 91.998085, 108.87143, 127.40441, 127.40441, 126.84208, 70.60932, 55.42649, 55.42649, 55.42649, 71.89187, 90.0039, 90.55275, 90.55275, 90.55275, 90.55275, 178.67091, 422.60178, 446.57828, 446.57828, 430.20047, 256, 256, 256, 256, 256, 256, 256, 256, 256, 256, 256, 256, 256, 256, 256, 256, 256, 256, 256, 256, 256
256, 256, 256, 256, 256, 256, 256, 256, 256, 256.30667, 256, 256, 243.95172, 234.88678, 226.62508, 226.73982, 226.85457, 226.62508, 226.62508, 230.78564, 350.7266, 388.41742, 409.6211, 438.94534, 431.85388, 280.56866, 237.23146, 233.56236, 228.51736, 235.38274, 216.27925, 189.98637, 184.64561, 184.64561, 186.0902, 170.14723, 142.52057, 106.54239, 106.54239, 106.54239, 106.54239, 132.00029, 179.78221, 173.90752, 184.482, 206.8059, 206.8059, 206.8059, 145.36606, 91.998085, 91.998085, 91.998085, 91.998085, 91.998085, 91.998085, 91.998085, 121.87218, 127.40441, 127.40441, 127.40441, 93.94587, 63.299034, 58.58234, 70.10807, 82.868866, 90.55275, 90.55275, 90.55275, 90.55275, 90.55275, 278.82346, 477.5819, 446.83344, 446.57828, 413.0782, 256, 256, 256, 256, 256, 256, 256, 256, 256, 256, 256, 256, 256, 256, 256, 256, 256, 256, 256, 256, 256
256, 256, 256, 256, 256, 256, 256, 256, 256, 256, 256, 256, 254.9673, 254.62306, 241.19781, 242.34528, 234.77203, 227.54305, 226.62508, 234.08946, 428.16348, 438.94534, 438.94534, 438.94534, 438.94534, 356.99976, 248.26256, 237.23146, 237.23146, 237.23146, 237.23146, 237.23146, 223.87955, 206.84889, 205.13869, 207.75662, 203.80292, 187.9881, 108.123856, 106.54239, 106.54239, 106.54239, 106.54239, 106.54239, 97.5802, 120.00603, 161.2954, 203.52165, 149.41045, 80.41128, 91.64339, 90.93399, 91.998085, 91.998085, 91.998085, 100.29643, 127.40441, 127.40441, 127.40441, 127.40441, 127.40441, 120.65649, 113.573425, 96.45477, 90.55275, 90.55275, 90.55275, 90.55275, 91.547485, 108.45801, 228.06381, 452.82434, 456.40268, 446.57828, 429.45602, 267.91113, 256, 256, 256, 256, 256, 256, 256, 256, 256, 256, 256, 256, 256, 256, 256, 256, 256, 256, 256, 256
256, 256, 256, 256, 256, 256, 256, 256, 256, 256, 256, 256, 256, 256, 253.59035, 254.39357, 252.78716, 259.44827, 354.09335, 419.86972, 438.94534, 438.94534, 438.94534, 438.94534, 438.94534, 424.7624, 330.20923, 237.23146, 237.23146, 237.23146, 237.23146, 237.23146, 236.65582, 210.05948, 207.75662, 207.75662, 207.75662, 207.75662, 131.05505, 106.54239, 106.54239, 106.54239, 106.54239, 106.54239, 98.401146, 86.693504, 86.693504, 100.29998, 77.24045, 61.730278, 66.10497, 65.632034, 73.31726, 89.396965, 91.170456, 116.063324, 127.40441, 127.40441, 127.40441, 127.40441, 127.40441, 127.40441, 120.494736, 90.6967, 90.55275, 90.55275, 90.55275, 137.3054, 211.41339, 210.91602, 217.87918, 302.00238, 304.83496, 387.76706, 306.62244, 256, 256, 256, 256, 256, 256, 256, 256, 256, 256, 256, 256, 256, 256, 256, 256, 256, 256, 256, 256, 256
256, 256, 256, 256, 256, 256, 256, 256, 256, 256, 256, 256, 256, 246.24658, 250.72168, 255.31152, 256, 318.17285, 438.94534, 426.082, 423.9381, 438.94534, 438.94534, 438.94534, 385.36557, 293.9635, 262.44553, 237.23146, 237.23146, 237.23146, 237.23146, 237.23146, 229.05716, 207.75662, 207.75662, 207.75662, 207.75662, 207.75662, 141.7301, 107.333115, 106.54239, 106.54239, 106.54239, 105.84457, 88.55435, 86.693504, 86.693504, 86.693504, 73.43181, 61.730278, 61.730278, 61.730278, 61.730278, 62.67616, 72.48961, 107.5863, 127.40441, 127.40441, 127.40441, 127.40441, 127.40441, 127.40441, 127.26046, 99.36585, 93.03959, 137.80275, 179.58176, 217.87918, 217.87918, 217.87918, 217.87918, 231.28091, 254.95763, 256, 256, 256, 256, 256, 256, 256, 256, 256, 256, 256, 256, 256, 256, 256, 256, 256, 256, 256, 256, 256, 256, 256
256, 256, 256, 256, 256, 256, 256, 256, 256, 256, 256, 256, 256, 256, 256, 256, 256, 257.42926, 281.7267, 335.32397, 438.94534, 438.94534, 438.94534, 438.94534, 424.7624, 277.41687, 237.23146, 237.23146, 237.23146, 237.23146, 237.23146, 236.83235, 216.23866, 207.75662, 207.75662, 207.75662, 207.75662, 207.75662, 207.75662, 138.8443, 79.475266, 71.46111, 89.88263, 87.3913, 86.693504, 86.693504, 86.693504, 86.693504, 85.620865, 62.412857, 61.730278, 61.730278, 61.730278, 61.730278, 61.730278, 74.30085, 127.14787, 127.40441, 127.40441, 127.40441, 127.40441, 127.40441, 127.33644, 110.57108, 145.60083, 217.87918, 217.87918, 217.87918, 217.87918, 217.87918, 218.177, 245.5764, 256, 256, 256, 256, 256, 256, 256, 256, 256, 256, 256, 256, 256, 256, 256, 256, 256, 256, 256, 256, 256, 256, 256, 256
256, 256, 256, 256, 256, 256, 256, 256, 256, 256, 256, 256, 256, 256, 256, 256, 256, 256, 256, 297.44858, 391.77975, 438.94534, 438.94534, 438.94534, 409.0669, 287.43027, 237.23146, 237.23146, 233.60295, 203.36537, 186.43225, 186.02356, 150.96117, 198.66924, 207.75662, 207.75662, 207.75662, 207.75662, 207.75662, 140.5269, 67.83208, 67.83208, 74.021034, 79.32579, 86.693504, 86.693504, 86.693504, 86.693504, 86.693504, 67.09348, 61.730278, 61.730278, 61.730278, 61.730278, 62.323334, 122.07241, 132.92331, 127.72436, 127.40441, 127.40441, 127.40441, 127.40441, 119.51976, 110.00337, 119.27392, 215.35083, 217.87918, 217.87918, 217.87918, 217.87918, 241.10916, 256, 256, 256, 256, 256, 256, 256, 256, 256, 256, 256, 256, 256, 256, 256, 256, 256, 256, 256, 256, 256, 256, 256, 256, 256
256, 256, 256, 256, 256, 256, 256, 256, 256, 256, 256, 256, 256, 256, 256, 256, 256, 256, 254.65019, 247.30122, 246.96646, 384.47412, 437.2161, 345.56708, 247.86673, 223.84515, 221.95294, 178.98477, 160.62906, 134.01965, 134.01965, 134.37683, 135.0587, 152.94904, 191.56969, 171.69122, 207.75662, 203.38394, 83.682785, 71.65811, 67.83208, 67.83208, 67.83208, 71.22124, 86.693504, 86.693504, 86.693504, 86.693504, 86.693504, 72.65172, 61.730278, 61.730278, 61.730278, 61.730278, 66.17823, 135.56631, 137.64201, 136.36238, 128.80418, 129.44405, 131.76361, 130.86798, 111.27494, 110.00337, 114.63873, 146.24333, 217.4578, 217.87918, 222.4954, 241.70483, 256, 256, 256, 256, 256, 256, 256, 256, 256, 256, 256, 256, 256, 256, 256, 256, 256, 256, 256, 256, 256, 256, 256, 256, 256, 256
256, 256, 256, 256, 256, 256, 256, 256, 256, 256, 256, 256, 256, 256, 256, 256, 256, 256, 256, 247.75116, 217.6054, 217.6054, 285.04443, 248.73135, 217.6054, 217.6054, 217.6054, 177.77158, 134.01965, 134.01965, 134.01965, 134.14954, 135.02623, 135.0587, 135.0587, 135.0587, 185.32225, 176.60135, 67.83208, 67.83208, 67.83208, 67.83208, 67.83208, 70.18975, 85.51466, 86.693504, 86.693504, 86.693504, 86.78292, 70.99401, 61.730278, 61.730278, 61.730278, 61.730278, 62.02681, 129.04274, 137.64201, 137.64201, 137.28212, 137.64201, 137.64201, 137.64201, 125.98204, 110.2193, 110.00337, 110.00337, 168.15552, 217.0364, 230.08975, 256, 256, 256, 256, 256, 256, 256, 256, 256, 256, 256, 256, 256, 256, 256, 256, 256, 256, 256, 256, 256, 256, 256, 256, 256, 256, 256
256, 256, 256, 256, 256, 256, 256, 256, 256, 256, 256, 256, 256, 256, 256, 256, 256, 256, 250.90073, 256, 237.10263, 217.6054, 217.6054, 217.6054, 217.6054, 217.6054, 217.6054, 213.36081, 140.2233, 134.01965, 134.01965, 134.09271, 135.03435, 135.0587, 135.0587, 135.0587, 142.22212, 109.66207, 67.83208, 67.83208, 67.83208, 67.83208, 67.83208, 69.45299, 85.95673, 86.693504, 86.87234, 91.07491, 95.81389, 82.77883, 67.13462, 66.70796, 82.2185, 93.16245, 112.73352, 136.75243, 137.64201, 137.64201, 137.64201, 137.64201, 137.64201, 137.64201, 126.737785, 110.00337, 110.00337, 110.00337, 123.48775, 209.99945, 243.4917, 256, 256, 256, 256, 256, 256, 256, 256, 256, 256, 256, 256, 256, 256, 256, 256, 256, 256, 256, 256, 256, 256, 256, 256, 256, 256, 256
256, 256, 256, 256, 256, 256, 256, 256, 256, 256, 256, 256, 256, 256, 256, 256, 256, 256, 256, 256, 256, 228.8538, 217.6054, 217.6054, 217.6054, 217.6054, 217.6054, 217.6054, 166.99683, 134.01965, 134.01965, 134.1333, 135.03029, 135.0587, 135.0587, 135.0587, 135.0587, 84.37613, 67.83208, 67.83208, 67.83208, 67.83208, 67.83208, 67.83208, 80.72563, 86.693504, 89.73363, 98.13863, 98.13863, 98.13863, 98.13863, 96.432, 98.755875, 132.5498, 137.64201, 137.64201, 137.64201, 137.64201, 137.64201, 137.64201, 137.64201, 137.64201, 130.40857, 110.00337, 110.00337, 110.00337, 156.21059, 248.4057, 256, 256, 256, 256, 256, 256, 256, 256, 256, 256, 256, 256, 256, 256, 256, 256, 256, 256, 256, 256, 256, 256, 256, 256, 256, 256, 256, 256
256, 256, 256, 256, 256, 256, 256, 256, 256, 256, 256, 256, 256, 256, 256, 256, 256, 256, 256, 256, 256, 247.15123, 220.00505, 217.6054, 217.6054, 217.6054, 217.6054, 217.6054, 170.91487, 134.01965, 134.01965, 134.15765, 135.0587, 135.0587, 135.0587, 135.0587, 135.0587, 132.43266, 93.82988, 67.83208, 67.83208, 67.6616, 66.8092, 67.57635, 80.0046, 93.39972, 96.126854, 98.13863, 98.13863, 98.13863, 98.13863, 98.13863, 98.13863, 107.08857, 126.37736, 137.64201, 137.64201, 137.64201, 137.64201, 142.49588, 197.21246, 186.62215, 127.657936, 110.00337, 110.00337, 110.00337, 148.7837, 256, 256, 256, 256, 256, 256, 256, 256, 256, 256, 256, 256, 256, 256, 256, 256, 256, 256, 256, 256, 256, 256, 256, 256, 256, 256, 256, 256, 256
256, 256, 256, 256, 256, 256, 256, 256, 256, 256, 256, 256, 256, 256, 256, 256, 256, 256, 256, 256, 256, 256, 252.55046, 237.10263, 221.50484, 217.32036, 215.75267, 216.27542, 179.07759, 134.01965, 134.01965, 134.06024, 134.87605, 135.0587, 135.0587, 135.0587, 135.0587, 135.83401, 133.38734, 112.147156, 57.848083, 52.233253, 46.266384, 47.97121, 50.74592, 91.82619, 98.13863, 98.13863, 98.13863, 98.13863, 98.13863, 98.13863, 98.13863, 98.13863, 111.40932, 137.64201, 137.64201, 137.64201, 137.64201, 175.14926, 250.60553, 250.60553, 179.20601, 112.7495, 114.946396, 114.946396, 222.50789, 275.87936, 313.55106, 358.9281, 321.2985, 256, 256, 256, 256, 256, 256, 256, 256, 256, 256, 256, 256, 256, 256, 256, 256, 256, 256, 256, 256, 256, 256, 256, 256, 256
256, 256, 256, 256, 256, 256, 256, 256, 256, 256, 256, 256, 256, 256, 256, 256, 256, 256, 256, 256, 256, 256, 256, 244.1211, 250.16573, 226.16559, 208.48341, 195.82747, 135.474, 134.01965, 134.01965, 134.01965, 134.251, 135.0587, 135.0587, 135.0587, 137.48804, 145.80954, 148.29034, 142.29742, 50.405502, 46.010662, 46.010662, 46.010662, 46.010662, 48.861423, 90.60443, 104.53449, 124.395386, 98.13863, 98.13863, 98.13863, 98.13863, 167.51668, 165.74042, 137.64201, 166.83948, 983.6994, 849.5912, 210.4504, 250.60553, 250.60553, 250.60553, 215.45488, 221.49646, 216.63763, 253.23956, 312.99796, 397.66458, 397.66458, 376.08292, 256, 256, 256, 256, 256, 256, 256, 256, 256, 256, 256, 256, 256, 256, 256, 256, 256, 256, 256, 256, 256, 256, 256, 256, 256
256, 256, 256, 256, 256, 256, 256, 256, 256, 256, 256, 256, 256, 256, 256, 256, 256, 256, 256, 256, 256, 256, 256, 255.25754, 245.60567, 226.11644, 208.48341, 208.48341, 185.50436, 150.30861, 136.34663, 134.01965, 133.60675, 134.72635, 134.28624, 134.2335, 137.7862, 148.29034, 148.29034, 147.89082, 87.16217, 46.010662, 46.010662, 46.010662, 46.010662, 46.010662, 93.68922, 173.54317, 171.18677, 113.62335, 98.13863, 98.13863, 98.13863, 200.69733, 340.22037, 342.77386, 590.2636, 1229.5293, 1266.0166, 380.7198, 250.60553, 250.60553, 250.60553, 250.60553, 250.60553, 297.79453, 340.04996, 389.3639, 397.66458, 397.66458, 374.4227, 267.62088, 256, 256, 256, 256, 256, 256, 256, 256, 256, 256, 256, 256, 256, 256, 256, 256, 256, 256, 256, 256, 256, 256, 256, 256
256, 256, 256, 256, 256, 256, 256, 256, 256, 256, 256, 256, 256, 256, 256, 256, 256, 256, 256, 256, 256, 256, 256, 256, 236.51105, 249.50363, 208.48341, 208.48341, 208.48341, 208.48341, 198.8846, 144.3108, 130.64539, 130.68729, 130.89798, 130.56438, 132.64159, 145.6591, 148.29034, 148.29034, 125.51723, 46.010662, 46.010662, 46.010662, 46.010662, 46.010662, 89.23059, 184.3153, 184.3153, 184.3153, 179.26587, 167.1472, 127.76164, 213.76907, 355.54135, 355.54135, 968.4202, 1283.9274, 1267.7816, 258.67838, 250.60553, 250.60553, 250.60553, 250.60553, 250.60553, 391.3458, 397.66458, 397.66458, 397.66458, 397.66458, 397.66458, 349.52072, 256, 256, 256, 256, 256, 256, 256, 256, 256, 256, 256, 256, 256, 256, 256, 256, 256, 256, 256, 256, 256, 256, 256, 256
256, 256, 256, 256, 256, 256, 256, 256, 256, 256, 256, 256, 256, 256, 256, 256, 256, 256, 256, 256, 256, 256, 256, 256, 237.43874, 235.76854, 208.48341, 208.48341, 208.48341, 208.48341, 208.48341, 149.73944, 130.56438, 130.56438, 130.56438, 130.56438, 136.24225, 147.80566, 148.29034, 148.29034, 139.9003, 73.57823, 49.60642, 46.010662, 46.010662, 54.654705, 150.81944, 184.3153, 184.3153, 184.3153, 184.3153, 184.3153, 184.31091, 326.112, 355.54135, 355.54135, 613.0241, 1283.9274, 1271.8181, 860.1031, 250.60553, 250.60553, 274.54114, 250.60553, 250.23445, 323.77072, 397.66458, 397.66458, 360.78906, 362.6801, 395.45108, 353.39456, 257.10675, 256, 256, 256, 256, 256, 256, 256, 256, 256, 256, 256, 256, 256, 256, 256, 256, 256, 256, 256, 256, 256, 256, 256
256, 256, 256, 256, 256, 256, 256, 256, 256, 256, 256, 256, 256, 256, 256, 256, 256, 256, 256, 256, 256, 256, 256, 256, 252.659, 214.9799, 208.85463, 208.48341, 208.48341, 185.9596, 152.78308, 134.8255, 130.56438, 130.56438, 130.56438, 133.08116, 146.42085, 148.29034, 148.29034, 148.29034, 148.29034, 148.29034, 110.91597, 59.078075, 50.366467, 67.99217, 176.23254, 184.3153, 184.3153, 184.3153, 184.3153, 184.3153, 184.98416, 316.74808, 355.54135, 355.54135, 482.46848, 1283.9274, 1283.9274, 1275.8545, 1088.4279, 395.51965, 358.0902, 271.37994, 234.27795, 175.46437, 310.67618, 381.59064, 220.85045, 194.37538, 283.1249, 256, 256, 256, 256, 256, 256, 256, 256, 256, 256, 256, 256, 256, 256, 256, 256, 256, 256, 256, 256, 256, 256, 256, 256, 256
256, 256, 256, 256, 256, 256, 256, 256, 256, 256, 256, 256, 256, 256, 256, 256, 256, 256, 256, 256, 256, 256, 256, 256, 255.44316, 240.01453, 212.00996, 208.48341, 208.48341, 187.48174, 131.17311, 130.56438, 130.56438, 130.56438, 128.9618, 108.88938, 131.7561, 139.28835, 148.29034, 148.29034, 148.29034, 133.68188, 104.283195, 92.47264, 89.56876, 89.024284, 167.09473, 184.3153, 184.3153, 184.3153, 184.3153, 184.3153, 184.3153, 229.7977, 349.52167, 355.54135, 413.56485, 1146.1188, 1283.9274, 1208.6458, 907.52246, 366.2193, 366.2193, 341.08984, 177.66322, 155.60786, 155.60786, 172.62772, 155.60786, 155.60786, 156.78435, 208.54942, 256, 256, 256, 256, 256, 256, 256, 256, 256, 256, 256, 256, 256, 256, 256, 256, 256, 256, 256, 256, 256, 256, 256, 256
256, 256, 256, 256, 256, 256, 256, 256, 256, 256, 256, 256, 256, 256, 256, 256, 256, 256, 256, 256, 256, 256, 256, 256, 256, 295.38208, 255.1344, 214.4229, 208.48341, 208.48341, 158.87057, 130.56438, 130.56438, 130.33543, 116.026436, 101.259186, 101.259186, 102.36149, 132.49097, 138.26071, 106.8631, 93.12676, 92.47264, 92.47264, 92.47264, 92.47264, 156.6658, 184.3153, 184.3153, 184.3153, 184.3153, 184.3153, 184.3153, 184.3153, 271.93533, 355.54135, 355.54135, 362.79428, 776.21704, 753.37683, 366.2193, 366.2193, 366.2193, 366.2193, 231.2966, 171.23909, 160.54402, 155.60786, 155.60786, 155.60786, 155.60786, 171.29437, 250.11774, 256, 256, 256, 256, 256, 256, 256, 256, 256, 256, 256, 256, 256, 256, 256, 256, 256, 256, 256, 256, 256, 256, 256
256, 256, 256, 256, 256, 256, 256, 256, 256, 256, 256, 256, 256, 256, 256, 256, 256, 256, 256, 256, 256, 256, 256, 256, 256, 325.25818, 355.5869, 258.04938, 209.12169, 208.48341, 164.34926, 130.56438, 130.56438, 116.598724, 101.259186, 101.259186, 101.259186, 101.259186, 101.259186, 96.04616, 92.47264, 92.47264, 92.47264, 92.47264, 92.47264, 81.14119, 64.967224, 115.00236, 155.89188, 179.0362, 148.06047, 135.45029, 160.04025, 163.50806, 273.20905, 287.63834, 298.46347, 355.54135, 338.44397, 362.36603, 364.79633, 366.2193, 366.2193, 366.2193, 353.0561, 315.2118, 334.95667, 175.35281, 155.60786, 155.60786, 155.60786, 155.60786, 191.68643, 256, 256, 256, 256, 256, 256, 256, 256, 256, 256, 256, 256, 256, 256, 256, 256, 256, 256, 256, 256, 256, 256, 256
256, 256, 256, 256, 256, 256, 256, 256, 256, 256, 256, 256, 256, 256, 256, 256, 256, 256, 256, 256, 256, 256, 256, 256, 256, 330.69022, 371.883, 338.467, 348.90485, 269.75818, 198.74352, 162.21898, 128.50392, 107.7843, 101.259186, 101.259186, 101.259186, 101.259186, 101.259186, 93.26208, 92.47264, 92.47264, 92.47264, 92.47264, 84.63859, 58.617775, 56.65925, 56.65925, 65.63504, 79.76887, 94.6224, 103.6088, 103.6088, 103.6088, 103.6088, 103.6088, 142.97353, 281.6742, 170.84622, 212.6636, 207.55737, 331.35645, 366.2193, 366.2193, 366.2193, 366.2193, 344.82928, 162.18956, 155.60786, 155.60786, 155.60786, 157.17647, 210.5099, 256, 256, 256, 256, 256, 256, 256, 256, 256, 256, 256, 256, 256, 256, 256, 256, 256, 256, 256, 256, 256, 256, 256
256, 256, 256, 256, 256, 256, 256, 256, 256, 256, 256, 256, 256, 256, 256, 256, 256, 256, 256, 256, 256, 256, 256, 256, 256, 344.27023, 371.883, 371.883, 371.883, 350.8197, 255.71594, 226.92354, 119.57368, 101.259186, 101.259186, 101.259186, 101.259186, 101.259186, 101.22487, 96.86601, 92.47264, 92.47264, 92.47264, 92.47264, 73.726654, 56.65925, 56.65925, 56.65925, 56.65925, 56.65925, 72.981544, 103.42541, 103.6088, 103.6088, 103.6088, 103.6088, 105.35966, 128.62172, 135.62546, 165.90834, 184.07814, 286.53262, 366.2193, 366.2193, 366.2193, 366.2193, 363.75122, 199.7487, 150.63408, 150.45218, 200.70575, 232.8627, 256, 256, 256, 256, 256, 256, 256, 256, 256, 256, 256, 256, 256, 256, 256, 256, 256, 256, 256, 256, 256, 256, 256, 256
256, 256, 256, 256, 256, 256, 256, 256, 256, 256, 256, 256, 256, 256, 256, 256, 256, 256, 256, 256, 256, 256, 256, 256, 256, 351.9656, 371.883, 371.883, 371.883, 371.883, 371.883, 371.883, 164.68648, 101.259186, 101.259186, 101.259186, 101.259186, 101.259186, 101.259186, 101.15622, 84.92933, 87.530815, 92.11105, 89.13021, 58.477898, 56.65925, 56.65925, 56.65925, 56.65925, 56.65925, 61.977703, 102.23827, 103.6088, 103.6088, 103.6088, 103.6088, 116.86562, 135.62546, 135.62546, 158.5269, 184.07814, 198.30797, 233.17111, 337.7598, 366.2193, 366.2193, 366.2193, 221.58418, 71.0548, 70.06002, 220.36151, 256, 256, 256, 256, 256, 256, 256, 256, 256, 256, 256, 256, 256, 256, 256, 256, 256, 256, 256, 256, 256, 256, 256, 256, 256
256, 256, 256, 256, 256, 256, 256, 256, 256, 256, 256, 256, 256, 256, 256, 256, 256, 256, 256, 256, 256, 256, 256, 256, 256, 363.73495, 371.883, 371.883, 371.883, 371.883, 371.883, 363.42596, 116.05906, 126.6301, 101.259186, 101.259186, 101.259186, 101.259186, 101.259186, 100.59706, 78.935936, 77.34547, 79.2138, 74.61654, 56.738876, 56.65925, 57.296696, 65.22938, 57.72166, 52.92883, 43.21227, 73.70855, 95.23394, 103.6088, 104.73435, 115.989975, 135.62546, 135.62546, 135.62546, 152.65962, 184.07814, 184.07814, 184.07814, 338.47125, 366.2193, 366.2193, 352.9611, 313.18646, 85.38585, 57.663994, 138.23802, 241.27975, 256, 256, 256, 256, 256, 256, 256, 256, 256, 256, 256, 256, 256, 256, 256, 256, 256, 256, 256, 256, 256, 256, 256, 256
256, 256, 256, 256, 256, 256, 256, 256, 256, 256, 256, 256, 256, 256, 256, 256, 256, 256, 256, 256, 256, 256, 256, 256, 261.88467, 350.15497, 371.883, 371.883, 371.883, 371.883, 371.883, 371.883, 343.95428, 212.32323, 101.259186, 101.259186, 101.259186, 101.259186, 101.259186, 88.77333, 77.04412, 77.04412, 77.04412, 77.04412, 61.277657, 56.65925, 63.387844, 74.79103, 66.29179, 41.043327, 34.44983, 38.502136, 37.42152, 60.09432, 127.120895, 135.62546, 135.62546, 135.62546, 135.62546, 175.75037, 184.07814, 184.07814, 184.07814, 268.74557, 357.68146, 254.12717, 78.154106, 57.663994, 57.663994, 57.663994, 57.663994, 76.25801, 255.22525, 256, 256, 256, 256, 256, 256, 256, 256, 256, 256, 256, 256, 256, 256, 256, 256, 256, 256, 256, 256, 256, 256, 256
256, 256, 256, 256, 256, 256, 256, 256, 256, 256, 256, 256, 256, 256, 256, 256, 256, 256, 256, 256, 256, 256, 256, 256, 264.60068, 313.0361, 368.26166, 371.883, 371.883, 371.883, 371.883, 371.883, 318.47983, 143.19362, 125.98552, 134.50609, 126.65389, 113.62227, 91.11598, 77.517075, 77.04412, 77.04412, 77.04412, 77.04412, 68.2879, 65.51269, 72.80788, 74.79103, 71.76851, 37.192467, 34.44983, 34.44983, 34.44983, 34.44983, 126.14024, 135.62546, 135.62546, 135.62546, 136.004, 178.77864, 184.07814, 184.07814, 184.07814, 184.07814, 129.03206, 61.120647, 57.663994, 57.663994, 57.663994, 57.663994, 57.550507, 129.3352, 244.37875, 256, 256, 256, 256, 256, 256, 256, 256, 256, 256, 256, 256, 256, 256, 256, 256, 256, 256, 256, 256, 256, 256, 256
256, 256, 256, 256, 256, 256, 256, 256, 256, 256, 256, 256, 256, 256, 256, 256, 256, 256, 256, 256, 256, 256, 256, 256, 265.54898, 304.7485, 333.33246, 371.883, 371.883, 371.883, 371.883, 359.4223, 176.96065, 144.02898, 144.02898, 144.02898, 144.02898, 129.37628, 78.56373, 77.04412, 77.04412, 77.04412, 76.7096, 75.38066, 74.87024, 74.79103, 74.79103, 74.79103, 74.79103, 55.250824, 34.44983, 34.44983, 34.44983, 34.44983, 80.69041, 135.62546, 135.62546, 135.62546, 149.82057, 184.07814, 184.07814, 184.07814, 184.07814, 157.41266, 60.626823, 57.663994, 57.62394, 57.62394, 57.410316, 57.557182, 56.983437, 227.08719, 256, 256, 256, 256, 256, 256, 256, 256, 256, 256, 256, 256, 256, 256, 256, 256, 256, 256, 256, 256, 256, 256, 256, 256
256, 256, 256, 256, 256, 256, 256, 256, 256, 256, 256, 256, 256, 256, 256, 256, 256, 256, 256, 256, 256, 256, 256, 256, 223.00226, 105.15385, 152.0398, 167.66821, 229.14069, 371.883, 371.883, 342.5114, 146.6991, 144.02898, 144.02898, 144.02898, 144.02898, 145.5544, 86.48453, 77.04412, 77.04412, 77.04412, 76.23442, 74.79103, 74.79103, 74.79103, 74.79103, 74.79103, 74.79103, 66.281586, 34.44983, 34.44983, 34.44983, 34.44983, 191.98811, 139.54967, 136.2795, 136.93353, 159.09474, 200.16524, 257.93256, 184.07814, 178.15248, 67.540115, 57.663994, 57.443695, 56.215363, 56.368904, 56.00174, 56.115227, 60.203957, 225.6706, 256, 256, 256, 256, 256, 256, 256, 256, 256, 256, 256, 256, 256, 256, 256, 256, 256, 256, 256, 256, 256, 256, 256, 256
256, 256, 256, 256, 256, 256, 256, 256, 256, 256, 256, 256, 256, 256, 256, 256, 256, 256, 256, 256, 256, 256, 256, 256, 204.14642, 105.15385, 105.15385, 105.15385, 105.15385, 205.17693, 336.45822, 265.48962, 144.02898, 144.02898, 144.02898, 144.02898, 144.20494, 162.32915, 146.97246, 98.722015, 108.51194, 140.32932, 145.85959, 78.73392, 74.79103, 74.79103, 74.79103, 74.79103, 74.79103, 70.53631, 37.6015, 34.44983, 34.44983, 34.44983, 188.68985, 278.205, 262.50833, 271.0107, 297.97693, 283.52567, 315.69986, 232.33943, 184.07814, 180.1277, 75.934784, 56.682663, 55.95501, 55.95501, 55.95501, 55.95501, 344.88324, 496.4056, 273.45963, 256, 256, 256, 256, 256, 256, 256, 256, 256, 256, 256, 256, 256, 256, 256, 256, 256, 256, 256, 256, 256, 256, 256
256, 256, 256, 256, 256, 256, 256, 256, 256, 256, 256, 256, 256, 256, 256, 256, 256, 256, 256, 256, 256, 256, 256, 256, 187.05833, 105.15385, 105.15385, 105.15385, 105.15385, 107.237686, 123.90838, 118.972946, 134.91776, 144.02898, 144.02898, 144.02898, 150.80354, 165.8484, 166.55226, 166.55226, 166.55226, 165.77043, 160.22713, 136.65971, 128.79689, 85.52512, 74.79103, 74.79103, 74.79103, 74.79103, 98.86223, 162.67012, 148.81844, 157.21245, 244.30042, 303.05798, 303.05798, 303.05798, 317.71353, 371.27347, 371.27347, 371.27347, 330.3245, 142.72672, 69.58152, 56.04847, 55.95501, 55.95501, 55.95501, 55.95501, 512.7167, 599.8215, 581.01855, 419.85187, 380.90347, 399.70615, 256, 256, 256, 256, 256, 256, 256, 256, 256, 256, 256, 256, 256, 256, 256, 256, 256, 256, 256, 256
256, 256, 256, 256, 256, 256, 256, 256, 256, 256, 256, 256, 256, 256, 256, 256, 256, 256, 256, 256, 256, 256, 256, 256, 154.6501, 105.15385, 105.15385, 105.15385, 105.15385, 105.15385, 105.15385, 104.7712, 118.074326, 116.92704, 99.32476, 89.54588, 122.3215, 166.55226, 166.55226, 166.55226, 166.52927, 163.2861, 160.66368, 160.66368, 160.66368, 153.284, 85.18966, 74.79103, 74.79103, 74.79103, 84.59939, 224.592, 303.05798, 305.98874, 303.05798, 303.05798, 303.05798, 303.05798, 303.59088, 349.42303, 371.27347, 371.27347, 371.27347, 180.3576, 55.95501, 55.95501, 55.95501, 55.95501, 55.95501, 55.95501, 270.52603, 599.8215, 599.8215, 599.8215, 599.8215, 481.6321, 256, 256, 256, 256, 256, 256, 256, 256, 256, 256, 256, 256, 256, 256, 256, 256, 256, 256, 256, 256
256, 256, 256, 256, 256, 256, 256, 256, 256, 256, 256, 256, 256, 256, 256, 256, 256, 256, 256, 256, 256, 256, 256, 256, 128.13443, 105.15385, 105.15385, 105.15385, 105.15385, 105.15385, 100.052086, 76.71165, 77.73195, 72.50277, 72.50277, 72.50277, 89.76951, 162.8785, 166.55226, 230.133, 318.84995, 160.66368, 160.66368, 160.66368, 160.66368, 160.66368, 115.37923, 74.79103, 74.79103, 77.74661, 181.19208, 370.36353, 371.63547, 417.93954, 326.50348, 303.05798, 303.05798, 303.05798, 482.23392, 703.0539, 440.0434, 371.27347, 371.27347, 264.11414, 55.95501, 55.95501, 55.95501, 55.95501, 55.95501, 62.32843, 302.39395, 538.21075, 599.8215, 599.8215, 542.0696, 261.3722, 256, 256, 256, 256, 256, 256, 256, 256, 256, 256, 256, 256, 256, 256, 256, 256, 256, 256, 256, 256
256, 256, 256, 256, 256, 256, 256, 256, 256, 256, 256, 256, 256, 256, 256, 256, 256, 256, 256, 256, 256, 256, 256, 245.39355, 105.15385, 105.15385, 105.15385, 105.15385, 105.15385, 105.15385, 97.628716, 72.50277, 72.50277, 72.50277, 72.50277, 72.50277, 72.50277, 238.82727, 445.44025, 462.7804, 536.47577, 289.84912, 160.66368, 160.66368, 160.66368, 160.66368, 153.284, 101.62628, 91.2276, 300.8936, 436.85135, 453.10718, 453.10718, 453.10718, 435.5234, 337.63977, 303.05798, 303.05798, 718.0304, 939.18427, 852.6664, 555.3998, 420.0779, 365.1149, 247.40308, 142.40285, 91.12023, 261.08542, 247.8985, 344.16013, 570.2263, 599.8215, 599.8215, 590.4199, 419.85187, 256, 256, 256, 256, 256, 256, 256, 256, 256, 256, 256, 256, 256, 256, 256, 256, 256, 256, 256, 256, 256
256, 256, 256, 256, 256, 256, 256, 256, 256, 256, 256, 256, 256, 256, 256, 256, 256, 256, 256, 256, 256, 256, 256, 213.57431, 105.15385, 105.15385, 105.15385, 105.15385, 105.15385, 107.33906, 96.11345, 81.13709, 72.50277, 72.50277, 72.50277, 72.50277, 72.50277, 76.12751, 366.11, 536.47577, 536.47577, 441.05493, 168.00377, 160.66368, 160.66368, 160.66368, 169.80247, 296.6036, 369.17993, 447.19598, 453.10718, 453.10718, 453.10718, 453.10718, 453.10718, 406.21606, 303.05798, 720.5155, 919.3053, 939.18427, 939.18427, 939.18427, 910.345, 741.746, 687.9177, 433.03403, 409.0711, 431.04916, 431.04916, 431.04916, 483.78955, 590.59143, 509.83612, 297.6345, 256, 256, 256, 256, 256, 256, 256, 256, 256, 256, 256, 256, 256, 256, 256, 256, 256, 256, 256, 256, 256, 256
256, 256, 256, 256, 256, 256, 256, 256, 256, 256, 256, 256, 256, 256, 256, 256, 256, 256, 256, 256, 256, 256, 256, 200.00441, 151.48013, 164.59135, 174.20622, 198.24341, 194.74709, 206.1101, 211.35457, 181.84315, 93.878296, 72.50277, 72.50277, 72.50277, 72.50277, 99.688576, 462.16782, 536.47577, 536.47577, 536.47577, 448.39502, 222.32034, 160.59492, 160.66368, 167.51784, 437.11414, 453.10718, 453.10718, 453.10718, 453.10718, 453.10718, 442.32776, 325.2949, 291.88297, 631.155, 910.38007, 939.18427, 939.18427, 939.18427, 939.18427, 939.18427, 939.18427, 663.2818, 431.04916, 431.04916, 431.04916, 431.04916, 431.04916, 431.04916, 417.26657, 288.23315, 256, 256, 256, 256, 256, 256, 256, 256, 256, 256, 256, 256, 256, 256, 256, 256, 256, 256, 256, 256, 256, 256, 256
256, 256, 256, 256, 256, 256, 256, 256, 256, 256, 256, 256, 256, 256, 256, 256, 256, 256, 256, 256, 256, 254.17352, 231.64723, 217.03609, 217.03609, 217.03609, 217.03609, 217.03609, 217.03609, 217.03609, 217.03609, 201.11502, 121.53796, 91.54652, 77.94391, 87.39052, 360.6736, 366.11078, 536.47577, 536.47577, 536.47577, 524.18176, 298.27618, 196.52596, 147.7377, 145.67513, 266.64822, 453.10718, 434.94037, 453.10718, 453.10718, 453.10718, 398.4402, 288.33765, 256, 256, 256, 280.01816, 779.06226, 677.6519, 690.9954, 885.81024, 880.47284, 939.18427, 681.14545, 431.04916, 431.04916, 431.04916, 431.04916, 429.6816, 327.79807, 264.2055, 256, 256, 256, 256, 256, 256, 256, 256, 256, 256, 256, 256, 256, 256, 256, 256, 256, 256, 256, 256, 256, 256, 256, 256
256, 256, 256, 256, 256, 256, 256, 256, 256, 256, 256, 256, 256, 256, 256, 256, 256, 256, 256, 256, 256, 256, 247.93336, 242.30193, 219.31914, 217.03609, 217.03609, 217.03609, 217.03609, 217.03609, 217.03609, 177.78874, 122.24961, 122.24961, 127.103806, 402.43387, 536.47577, 536.47577, 536.47577, 369.35452, 337.00894, 250.76218, 143.06259, 143.06259, 143.06259, 143.06259, 162.44023, 233.89542, 149.1181, 273.8619, 372.116, 324.52496, 265.23932, 256, 256, 256, 256, 256, 256, 256, 256, 256, 584.2477, 896.48505, 667.2511, 431.04916, 431.04916, 431.04916, 431.04916, 398.22754, 257.36758, 256, 256, 256, 256, 256, 256, 256, 256, 256, 256, 256, 256, 256, 256, 256, 256, 256, 256, 256, 256, 256, 256, 256, 256, 256
256, 256, 256, 256, 256, 256, 256, 256, 256, 256, 256, 256, 256, 256, 256, 256, 256, 256, 256, 256, 256, 256, 256, 250.21617, 221.14565, 217.03609, 217.03609, 217.03609, 217.03609, 217.03609, 212.96329, 138.54123, 122.24961, 122.24961, 214.47964, 528.3855, 536.47577, 478.9722, 292.08374, 128.5561, 76.44316, 78.78528, 103.50747, 140.20003, 143.06259, 143.06259, 143.06259, 143.06259, 143.06259, 158.50327, 251.14723, 256, 256, 256, 256, 256, 256, 256, 256, 256, 256, 256, 261.33737, 306.70502, 328.14948, 405.74942, 406.4332, 374.2957, 331.90082, 277.1975, 256, 256, 256, 256, 256, 256, 256, 256, 256, 256, 256, 256, 256, 256, 256, 256, 256, 256, 256, 256, 256, 256, 256, 256, 256, 256
256, 256, 256, 256, 256, 256, 256, 256, 256, 256, 256, 256, 256, 256, 256, 256, 256, 256, 256, 256, 256, 256, 256, 254.0214, 250.67294, 242.30191, 226.47285, 221.75449, 217.03609, 217.03609, 168.53235, 122.24961, 122.24961, 122.24961, 122.24961, 382.7592, 531.08484, 297.47476, 76.44316, 76.44316, 76.44316, 76.44316, 76.44316, 131.09193, 143.06259, 143.06259, 143.06259, 143.06259, 143.06259, 210.56033, 256, 256, 256, 256, 256, 256, 256, 256, 256, 256, 256, 256, 256, 256, 256, 262.1541, 263.5217, 266.94067, 271.04343, 256, 256, 256, 256, 256, 256, 256, 256, 256, 256, 256, 256, 256, 256, 256, 256, 203.68457, 256, 256, 256, 256, 256, 256, 256, 256, 256, 256
256, 256, 256, 256, 256, 256, 256, 256, 256, 256, 256, 256, 256, 256, 256, 256, 256, 256, 256, 256, 256, 256, 256, 256, 256, 256, 256, 253.4126, 225.55956, 218.40594, 151.90712, 122.24961, 122.24961, 122.24961, 198.29887, 436.32324, 393.24805, 76.44316, 76.44316, 76.44316, 76.44316, 76.44316, 86.33195, 133.95447, 143.06259, 171.29744, 179.7679, 192.19125, 234.54352, 233.18338, 256, 256, 256, 256, 256, 256, 256, 256, 256, 256, 256, 256, 256, 256, 256, 256, 256, 256, 256, 256, 256, 256, 256, 256, 256, 256, 256, 256, 256, 256, 256, 256, 256, 256, 254.13159, 125.21147, 256, 256, 256, 256, 256, 256, 256, 256, 256, 256
256, 256, 256, 256, 256, 256, 256, 256, 256, 256, 256, 256, 256, 256, 256, 256, 256, 256, 256, 256, 256, 256, 256, 256, 256, 256, 256, 256, 254.17358, 254.9346, 250.2529, 167.18135, 152.55234, 148.89511, 279.11676, 445.5404, 256, 233.55536, 161.3118, 117.12396, 76.44316, 76.44316, 81.12739, 112.09509, 142.89597, 250.91966, 287.62494, 287.62494, 287.62494, 264.27686, 256, 256, 256, 256, 256, 256, 256, 256, 256, 256, 256, 256, 256, 256, 256, 256, 256, 256, 256, 256, 256, 256, 256, 256, 256, 256, 256, 256, 256, 256, 256, 256, 256, 232.9563, 215.51782, 137.04475, 256, 256, 256, 256, 256, 256, 256, 256, 256, 256
256, 256, 256, 256, 256, 256, 256, 256, 256, 256, 256, 256, 256, 256, 256, 256, 256, 256, 256, 256, 256, 256, 256, 256, 256, 256, 256, 256, 256, 256, 256, 256, 256, 254.95508, 256, 256, 256, 256, 256, 253.19443, 194.97868, 171.50186, 136.29231, 235.6544, 270.9052, 287.62494, 287.62494, 287.62494, 287.62494, 264.89453, 256, 256, 256, 256, 256, 256, 256, 256, 256, 256, 256, 256, 256, 256, 256, 256, 256, 256, 256, 256, 256, 256, 256, 256, 256, 256, 256, 256, 256, 256, 256, 248.52637, 172.54443, 117.11503, 96.56262, 113.37824, 247.28076, 256, 256, 256, 256, 256, 256, 256, 256, 256
256, 256, 256, 256, 256, 256, 256, 256, 256, 256, 256, 256, 256, 256, 256, 256, 256, 256, 256, 256, 256, 256, 256, 256, 256, 256, 256, 256, 256, 256, 256, 256, 256, 256, 256, 256, 256, 256, 256, 256, 256, 258.71777, 276.50677, 286.01898, 286.88373, 287.37787, 287.62494, 287.37787, 277.37152, 274.40674, 256.12354, 256, 256, 256, 256, 256, 256, 256, 256, 256, 256, 256, 256, 256, 256, 256, 256, 256, 256, 256, 256, 256, 256, 256, 256, 256, 256, 256, 256, 256, 256, 148.25516, 96.56262, 96.56262, 96.56262, 96.56262, 221.74586, 256, 256, 256, 256, 256, 256, 256, 256, 256
256, 256, 256, 256, 256, 256, 256, 256, 256, 256, 256, 256, 256, 256, 256, 256, 256, 256, 256, 256, 256, 256, 256, 256, 256, 256, 256, 256, 256, 256, 256, 256, 256, 256, 256, 256, 256, 256, 256, 256, 256, 256, 256, 268.60056, 256.61768, 260.81784, 274.40668, 260.20016, 256, 256, 256, 256, 256, 256, 256, 256, 256, 256, 256, 256, 256, 256, 256, 256, 256, 256, 256, 256, 256, 256, 256, 256, 256, 256, 256, 256, 256, 256, 256, 256, 234.76224, 105.67651, 97.03679, 96.56262, 96.56262, 96.56262, 216.76344, 256, 256, 256, 256, 256, 256, 256, 256, 256
256, 256, 256, 256, 256, 256, 256, 256, 256, 256, 256, 256, 256, 256, 256, 256, 256, 256, 256, 256, 256, 256, 256, 256, 256, 256, 256, 256, 256, 256, 256, 256, 256, 256, 256, 256, 256, 256, 256, 256, 256, 256, 256, 256, 256, 256, 256, 256, 256, 256, 256, 256, 256, 256, 256, 256, 256, 256, 256, 256, 256, 256, 256, 256, 256, 256, 256, 256, 256, 256, 256, 256, 256, 256, 256, 256, 256, 256, 256, 256, 231.9498, 117.111305, 101.19643, 97.55406, 96.56262, 96.56262, 198.70218, 256, 256, 256, 256, 256, 256, 256, 256, 256
256, 256, 256, 256, 256, 256, 256, 256, 256, 256, 256, 256, 256, 256, 256, 256, 256, 256, 256, 256, 256, 256, 256, 256, 256, 256, 256, 256, 256, 256, 256, 256, 256, 256, 256, 256, 256, 256, 256, 256, 256, 256, 256, 256, 256, 256, 256, 256, 256, 256, 256, 256, 256, 256, 256, 256, 256, 256, 256, 256, 256, 256, 256, 256, 256, 256, 256, 256, 256, 256, 256, 256, 256, 256, 256, 256, 256, 256, 256, 256, 248.18375, 157.39488, 102.08004, 101.045555, 96.584175, 96.56262, 219.25467, 256, 256, 256, 256, 256, 256, 256, 256, 256
256, 256, 256, 256, 256, 256, 256, 256, 256, 256, 256, 256, 256, 256, 256, 256, 256, 256, 256, 256, 256, 256, 256, 256, 256, 256, 256, 256, 256, 256, 256, 256, 256, 256, 256, 256, 256, 256, 256, 256, 256, 256, 256, 256, 256, 256, 256, 256, 256, 256, 256, 256, 256, 256, 256, 256, 256, 256, 256, 256, 256, 256, 256, 256, 256, 256, 256, 256, 256, 256, 256, 256, 256, 256, 256, 256, 256, 256, 256, 256, 249.38617, 135.75005, 102.08004, 102.08004, 99.0627, 151.99202, 256, 256, 256, 256, 256, 256, 256, 256, 256, 256
256, 256, 256, 256, 256, 256, 256, 256, 256, 256, 256, 256, 256, 256, 256, 256, 256, 256, 256, 256, 256, 256, 256, 256, 256, 256, 256, 256, 256, 256, 256, 256, 256, 256, 256, 256, 256, 256, 256, 256, 256, 256, 256, 256, 256, 256, 256, 256, 256, 256, 256, 256, 256, 256, 256, 256, 256, 256, 256, 256, 256, 256, 256, 256, 256, 256, 256, 256, 256, 256, 256, 256, 256, 256, 256, 256, 256, 256, 256, 256, 254.7975, 228.34224, 103.28254, 102.08004, 100.95935, 185.3927, 256, 256, 256, 256, 256, 256, 256, 256, 256, 256
256, 256, 256, 256, 256, 256, 256, 256, 256, 256, 256, 256, 256, 256, 256, 256, 256, 256, 256, 256, 256, 256, 256, 256, 256, 256, 256, 256, 256, 256, 256, 256, 256, 256, 256, 256, 256, 256, 256, 256, 256, 256, 256, 256, 256, 256, 256, 256, 256, 256, 256, 256, 256, 256, 256, 256, 256, 256, 256, 256, 256, 256, 256, 256, 256, 256, 256, 256, 256, 256, 256, 256, 256, 256, 256, 256, 256, 256, 256, 256, 256, 229.54501, 139.95862, 102.08004, 102.08004, 190.46353, 256, 256, 256, 256, 256, 256, 256, 256, 256, 256
256, 256, 256, 256, 256, 256, 256, 256, 256, 256, 256, 256, 256, 256, 256, 256, 256, 256, 256, 256, 256, 256, 256, 256, 256, 256, 256, 256, 256, 256, 256, 256, 256, 256, 256, 256, 256, 256, 256, 256, 256, 256, 256, 256, 256, 256, 256, 256, 256, 256, 256, 256, 256, 256, 256, 256, 256, 256, 256, 256, 256, 256, 256, 256, 256, 256, 256, 256, 256, 256, 256, 256, 256, 256, 256, 256, 256, 256, 256, 256, 256, 253.595, 124.92753, 102.08004, 115.90878, 240.36748, 256, 256, 256, 256, 256, 256, 256, 256, 256, 256
256, 256, 256, 256, 256, 256, 256, 256, 256, 256, 256, 256, 256, 256, 256, 256, 256, 256, 256, 256, 256, 256, 256, 256, 256, 256, 256, 256, 256, 256, 256, 256, 256, 256, 256, 256, 256, 256, 256, 256, 256, 256, 256, 256, 256, 256, 256, 256, 256, 256, 256, 256, 256, 256, 256, 256, 256, 256, 256, 256, 256, 256, 256, 256, 256, 256, 256, 256, 256, 256, 256, 256, 256, 256, 256, 256, 256, 256, 256, 256, 256, 256, 250.58875, 184.45117, 164.0086, 256, 256, 256, 256, 256, 256, 256, 256, 256, 256, 256
256, 256, 256, 256, 256, 256, 256, 256, 256, 256, 256, 256, 256, 256, 256, 256, 256, 256, 256, 256, 256, 256, 256, 256, 256, 256, 256, 256, 256, 256, 256, 256, 256, 256, 256, 256, 256, 256, 256, 256, 256, 256, 256, 256, 256, 256, 256, 256, 256, 256, 256, 256, 256, 256, 256, 256, 256, 256, 256, 256, 256, 256, 256, 256, 256, 256, 256, 256, 256, 256, 256, 256, 256, 256, 256, 256, 256, 256, 256, 256, 256, 256, 256, 256, 252.39249, 256, 256, 256, 256, 256, 256, 256, 256, 256, 256, 256
256, 256, 256, 256, 256, 256, 256, 256, 256, 256, 256, 256, 256, 256, 256, 256, 256, 256, 256, 256, 256, 256, 256, 256, 256, 256, 256, 256, 256, 256, 256, 256, 256, 256, 256, 256, 256, 256, 256, 256, 256, 256, 256, 256, 256, 256, 256, 256, 256, 256, 256, 256, 256, 256, 256, 256, 256, 256, 256, 256, 256, 256, 256, 256, 256, 256, 256, 256, 256, 256, 256, 256, 256, 256, 256, 256, 256, 256, 256, 256, 256, 256, 256, 256, 256, 256, 256, 256, 256, 256, 256, 256, 256, 256, 256, 256
256, 256, 256, 256, 256, 256, 256, 256, 256, 256, 256, 256, 256, 256, 256, 256, 256, 256, 256, 256, 256, 256, 256, 256, 256, 256, 256, 256, 256, 256, 256, 256, 256, 256, 256, 256, 256, 256, 256, 256, 256, 256, 256, 256, 256, 256, 256, 256, 256, 256, 256, 256, 256, 256, 256, 256, 256, 256, 256, 256, 256, 256, 256, 256, 256, 256, 256, 256, 256, 256, 256, 256, 256, 256, 256, 256, 256, 256, 256, 256, 256, 256, 256, 256, 256, 256, 256, 256, 256, 256, 256, 256, 256, 256, 256, 256
